Name:		Lpr-a-01.txt
Optimal value:	-1
#Vehicles:	2
Capacity:	10000
Depot Node:	1
#Nodes:		28
#Edges:		0
#Arcs:		94
#Required N:	0
#Required E:	0
#Required A:	52

ReN.	DEMAND	S. COST

ReE.	From N.	To N.	T. COST	DEMAND	S. COST

EDGE	FROM N.	TO N.	T. COST

ReA.	FROM N.	TO N.	T. COST	DEMAND	S. COST
A43	2	14	34	240	274
A44	2	3	19	137	156
A45	2	8	20	279	299
A46	4	3	20	264	284
A47	4	5	22	265	287
A48	4	9	21	325	346
A49	5	4	22	28	50
A50	6	11	19	285	304
A51	7	14	22	150	172
A52	7	8	42	82	124
A53	7	12	17	47	64
A54	8	13	23	187	210
A55	9	4	21	101	122
A56	9	10	21	122	143
A57	9	15	18	153	171
A58	10	5	20	86	106
A59	11	10	18	305	323
A60	11	17	18	66	84
A61	12	7	17	197	214
A62	12	13	39	64	103
A63	12	18	22	152	174
A64	13	12	39	241	280
A65	1	3	41	205	246
A66	1	13	19	306	325
A67	15	21	18	301	319
A68	16	10	21	88	109
A69	16	15	21	379	400
A70	16	17	19	372	391
A71	17	11	18	377	395
A72	17	16	19	399	418
A73	17	23	15	390	405
A74	18	19	35	348	383
A75	18	24	21	238	259
A76	19	13	18	216	234
A77	19	18	35	375	410
A78	19	20	19	26	45
A79	19	25	18	32	50
A80	20	1	19	202	221
A81	20	21	19	313	332
A82	20	26	14	139	153
A83	21	20	19	267	286
A84	21	27	17	364	381
A85	22	21	20	11	31
A86	22	23	21	147	168
A87	22	27	26	98	124
A88	24	25	41	394	435
A89	25	24	41	286	327
A90	25	26	18	59	77
A91	26	20	14	83	97
A92	26	27	20	262	282
A93	27	22	26	398	424
A94	27	28	39	384	423

ARC	FROM N.	TO N.	T. COST
NrA1	14	2	34
NrA2	14	7	22
NrA3	3	2	19
NrA4	3	4	20
NrA5	3	1	41
NrA6	5	6	21
NrA7	5	10	20
NrA8	6	5	21
NrA9	8	2	20
NrA10	8	7	42
NrA11	10	9	21
NrA12	10	11	18
NrA13	10	16	21
NrA14	11	6	19
NrA15	13	8	23
NrA16	13	1	19
NrA17	13	19	18
NrA18	1	15	14
NrA19	1	20	19
NrA20	15	9	18
NrA21	15	1	14
NrA22	15	16	21
NrA23	15	20	27
NrA24	17	22	26
NrA25	18	12	22
NrA26	20	15	27
NrA27	20	19	19
NrA28	20	25	24
NrA29	21	15	18
NrA30	21	22	20
NrA31	22	17	26
NrA32	23	17	15
NrA33	23	22	21
NrA34	23	28	19
NrA35	24	18	21
NrA36	25	19	18
NrA37	25	20	24
NrA38	26	25	18
NrA39	27	21	17
NrA40	27	26	20
NrA41	28	23	19
NrA42	28	27	39
