Name:		Lpr-a-04.txt
Optimal value:	-1
#Vehicles:	11
Capacity:	10000
Depot Node:	1
#Nodes:		195
#Edges:		34
#Arcs:		617
#Required N:	0
#Required E:	34
#Required A:	469

ReN.	DEMAND	S. COST

ReE.	From N.	To N.	T. COST	DEMAND	S. COST
E1	10	11	16	456	472
E2	10	26	15	122	137
E3	13	14	23	161	184
E4	22	23	18	112	130
E5	27	28	17	518	535
E6	32	49	22	201	223
E7	33	34	16	118	134
E8	45	46	19	428	447
E9	49	50	20	639	659
E10	50	57	21	643	664
E11	54	68	21	362	383
E12	55	71	13	416	429
E13	61	77	22	381	403
E14	63	90	55	355	410
E15	72	84	18	538	556
E16	73	74	14	355	369
E17	93	94	18	604	622
E18	107	108	20	251	271
E19	108	109	14	188	202
E20	115	132	18	353	371
E21	125	142	17	221	238
E22	129	145	13	365	378
E23	131	132	26	45	71
E24	136	153	21	116	137
E25	146	165	17	99	116
E26	147	148	17	188	205
E27	148	166	22	312	334
E28	151	152	16	331	347
E29	154	171	22	171	193
E30	161	162	20	238	258
E31	164	165	19	340	359
E32	168	186	30	283	313
E33	169	186	17	365	382
E34	186	187	17	172	189

EDGE	FROM N.	TO N.	T. COST

ReA.	FROM N.	TO N.	T. COST	DEMAND	S. COST
A149	1	17	15	194	209
A150	2	1	39	53	92
A151	2	3	23	349	372
A152	2	18	19	19	38
A153	3	2	23	380	403
A154	3	4	20	374	394
A155	3	34	42	77	119
A156	4	3	20	207	227
A157	4	5	17	27	44
A158	5	4	17	103	120
A159	5	6	21	95	116
A160	5	20	14	259	273
A161	6	5	21	157	178
A162	6	7	37	378	415
A163	6	21	23	106	129
A164	7	6	37	141	178
A165	7	8	13	284	297
A166	7	22	16	286	302
A167	8	7	13	243	256
A168	8	9	24	257	281
A169	9	8	24	119	143
A170	9	23	31	381	412
A171	9	24	17	216	233
A172	10	9	39	364	403
A173	10	25	28	181	209
A174	11	12	18	242	260
A175	11	27	18	226	244
A176	12	11	18	96	114
A177	12	13	21	67	88
A178	12	28	19	287	306
A179	12	29	26	35	61
A180	13	12	21	332	353
A181	13	29	16	138	154
A182	14	15	19	130	149
A183	14	30	20	86	106
A184	15	14	19	101	120
A185	15	16	17	148	165
A186	15	46	33	319	352
A187	16	15	17	93	110
A188	16	47	43	337	380
A189	17	1	15	305	320
A190	17	18	33	279	312
A191	17	31	19	371	390
A192	18	2	19	267	286
A193	19	4	21	394	415
A194	19	20	17	263	280
A195	20	19	17	365	382
A196	20	21	20	322	342
A197	20	36	22	33	55
A198	21	6	23	208	231
A199	21	20	20	338	358
A200	21	22	37	177	214
A201	21	37	14	206	220
A202	22	7	16	142	158
A203	22	21	37	140	177
A204	22	38	25	400	425
A205	23	8	19	129	148
A206	23	38	27	212	239
A207	23	39	16	242	258
A208	24	9	17	380	397
A209	24	25	13	344	357
A210	24	40	26	261	287
A211	25	10	28	34	62
A212	25	40	31	325	356
A213	26	25	23	64	87
A214	26	27	21	149	170
A215	26	41	24	326	350
A216	27	11	18	143	161
A217	27	42	22	26	48
A218	28	12	19	389	408
A219	28	29	14	195	209
A220	29	12	26	99	125
A221	29	13	16	122	138
A222	29	28	14	174	188
A223	29	44	19	206	225
A224	30	14	20	89	109
A225	30	29	25	41	66
A226	30	45	22	381	403
A227	31	17	19	265	284
A228	31	32	21	218	239
A229	31	48	25	206	231
A230	32	31	21	184	205
A231	33	18	18	27	45
A232	33	32	22	128	150
A233	35	19	20	384	404
A234	35	34	20	118	138
A235	35	36	17	17	34
A236	35	51	12	23	35
A237	36	35	17	351	368
A238	36	37	21	19	40
A239	37	21	14	218	232
A240	37	36	21	266	287
A241	38	22	25	267	292
A242	38	23	27	96	123
A243	38	37	38	398	436
A244	38	39	18	217	235
A245	39	38	18	259	277
A246	40	24	26	85	111
A247	40	25	31	386	417
A248	40	63	33	123	156
A249	41	27	28	36	64
A250	41	40	41	301	342
A251	41	42	17	43	60
A252	41	64	40	184	224
A253	42	27	22	289	311
A254	42	41	17	62	79
A255	43	42	18	397	415
A256	43	44	22	37	59
A257	44	43	22	108	130
A258	44	53	24	190	214
A259	45	29	32	34	66
A260	45	30	22	189	211
A261	45	44	18	332	350
A262	46	15	33	186	219
A263	46	47	18	115	133
A264	46	69	40	69	109
A265	47	70	34	363	397
A266	48	31	25	74	99
A267	48	49	18	212	230
A268	48	55	19	160	179
A269	49	48	18	203	221
A270	49	56	22	345	367
A271	50	33	20	129	149
A272	50	51	40	328	368
A273	51	35	12	124	136
A274	51	50	40	165	205
A275	52	43	24	16	40
A276	52	53	18	14	32
A277	53	44	24	329	353
A278	53	52	18	98	116
A279	53	54	21	135	156
A280	53	67	15	123	138
A281	54	53	21	198	219
A282	55	48	19	304	323
A283	55	56	26	166	192
A284	56	55	26	242	268
A285	57	58	17	285	302
A286	57	73	21	203	224
A287	58	57	17	129	146
A288	58	59	16	299	315
A289	58	74	18	244	262
A290	59	51	21	340	361
A291	59	60	24	54	78
A292	60	59	24	92	116
A293	60	61	15	73	88
A294	61	37	39	221	260
A295	61	60	15	137	152
A296	61	62	37	284	321
A297	62	38	32	218	250
A298	62	61	37	215	252
A299	62	63	41	48	89
A300	62	90	40	146	186
A301	63	62	41	161	202
A302	63	64	39	108	147
A303	63	91	43	387	430
A304	64	41	40	131	171
A305	64	63	39	35	74
A306	64	65	20	320	340
A307	64	92	36	93	129
A308	65	42	34	353	387
A309	65	64	20	375	395
A310	65	66	20	314	334
A311	66	65	20	262	282
A312	66	67	19	48	67
A313	66	78	20	273	293
A314	67	66	19	385	404
A315	68	69	22	108	130
A316	69	68	22	103	125
A317	69	70	20	63	83
A318	69	81	15	288	303
A319	70	47	34	58	92
A320	70	69	20	306	326
A321	70	82	19	121	140
A322	72	56	19	304	323
A323	72	71	18	236	254
A324	72	73	26	226	252
A325	73	72	26	351	377
A326	74	58	18	64	82
A327	74	86	19	147	166
A328	75	74	19	323	342
A329	75	76	22	253	275
A330	75	87	15	171	186
A331	76	60	18	300	318
A332	76	75	22	270	292
A333	76	77	14	395	409
A334	76	88	14	95	109
A335	78	66	20	227	247
A336	79	67	20	255	275
A337	79	78	20	264	284
A338	79	80	20	384	404
A339	79	95	20	353	373
A340	80	68	14	135	149
A341	80	96	23	400	423
A342	81	69	15	271	286
A343	81	80	17	315	332
A344	81	82	24	129	153
A345	82	81	24	291	315
A346	82	98	17	40	57
A347	83	84	24	218	242
A348	83	99	20	199	219
A349	84	83	24	290	314
A350	84	85	15	191	206
A351	85	73	18	335	353
A352	85	84	15	393	408
A353	85	86	17	207	224
A354	85	100	16	302	318
A355	86	87	23	35	58
A356	87	75	15	160	175
A357	87	86	23	140	163
A358	87	88	19	176	195
A359	87	101	20	148	168
A360	88	76	14	342	356
A361	88	87	19	299	318
A362	88	89	15	196	211
A363	89	88	15	88	103
A364	89	102	20	167	187
A365	90	62	40	356	396
A366	90	89	36	377	413
A367	90	91	39	367	406
A368	90	118	37	330	367
A369	91	63	43	354	397
A370	91	90	39	313	352
A371	91	92	37	343	380
A372	91	103	14	369	383
A373	92	64	36	361	397
A374	92	91	37	72	109
A375	92	93	20	320	340
A376	93	65	38	263	301
A377	93	92	20	43	63
A378	93	105	23	67	90
A379	94	95	22	254	276
A380	94	106	21	165	186
A381	95	94	22	295	317
A382	95	96	17	135	152
A383	96	80	23	195	218
A384	96	97	19	161	180
A385	97	81	23	325	348
A386	97	96	19	86	105
A387	97	108	20	124	144
A388	98	82	17	230	247
A389	98	97	19	293	312
A390	98	109	16	100	116
A391	100	85	16	183	199
A392	100	99	42	232	274
A393	100	112	24	29	53
A394	101	87	20	56	76
A395	101	100	35	84	119
A396	101	102	40	236	276
A397	101	114	20	206	226
A398	102	89	20	79	99
A399	102	101	40	23	63
A400	102	116	23	290	313
A401	103	91	14	104	118
A402	103	104	37	186	223
A403	104	92	21	287	308
A404	104	103	37	334	371
A405	104	121	14	185	199
A406	105	93	23	348	371
A407	105	104	22	92	114
A408	105	106	16	119	135
A409	105	122	21	149	170
A410	105	123	28	291	319
A411	106	105	16	352	368
A412	106	123	21	351	372
A413	107	96	15	292	307
A414	108	97	20	248	268
A415	108	126	15	375	390
A416	109	98	16	137	153
A417	109	127	21	95	116
A418	110	99	16	189	205
A419	110	128	19	117	136
A420	111	110	13	31	44
A421	111	112	20	314	334
A422	111	129	26	200	226
A423	112	100	24	308	332
A424	112	111	20	163	183
A425	112	113	23	177	200
A426	113	112	23	26	49
A427	113	114	17	368	385
A428	113	147	42	89	131
A429	114	101	20	391	411
A430	114	113	17	94	111
A431	114	115	20	249	269
A432	114	131	18	97	115
A433	115	114	20	176	196
A434	115	116	19	88	107
A435	116	102	23	145	168
A436	116	115	19	114	133
A437	116	117	17	280	297
A438	116	133	15	166	181
A439	117	116	17	34	51
A440	117	118	23	88	111
A441	117	134	21	296	317
A442	118	90	37	301	338
A443	118	135	23	78	101
A444	119	118	14	146	160
A445	119	120	20	387	407
A446	119	136	19	76	95
A447	120	103	20	167	187
A448	120	119	20	231	251
A449	120	121	39	108	147
A450	120	137	20	113	133
A451	121	104	14	176	190
A452	121	138	19	372	391
A453	122	105	21	112	133
A454	122	123	19	345	364
A455	123	106	21	165	186
A456	123	122	19	271	290
A457	123	124	17	274	291
A458	123	139	27	284	311
A459	123	140	15	25	40
A460	124	125	21	347	368
A461	124	141	19	175	194
A462	125	124	21	119	140
A463	125	126	20	94	114
A464	126	125	20	197	217
A465	126	127	17	296	313
A466	127	126	17	289	306
A467	127	143	24	351	375
A468	128	110	19	113	132
A469	128	129	25	356	381
A470	128	144	24	48	72
A471	129	128	25	368	393
A472	129	130	18	328	346
A473	130	112	17	398	415
A474	130	129	18	122	140
A475	131	114	18	324	342
A476	131	148	17	374	391
A477	132	133	17	95	112
A478	132	149	20	68	88
A479	133	134	17	121	138
A480	133	150	20	132	152
A481	134	135	18	16	34
A482	135	118	23	102	125
A483	135	134	18	337	355
A484	135	152	15	334	349
A485	137	120	20	315	335
A486	137	136	16	173	189
A487	137	154	19	50	69
A488	138	121	19	94	113
A489	138	137	42	78	120
A490	139	138	17	271	288
A491	139	140	19	330	349
A492	140	123	15	240	255
A493	140	139	19	359	378
A494	140	158	24	104	128
A495	141	124	19	31	50
A496	141	125	30	311	341
A497	141	158	24	351	375
A498	141	159	15	96	111
A499	142	143	39	388	427
A500	142	160	22	220	242
A501	143	127	24	17	41
A502	143	142	39	239	278
A503	143	162	19	23	42
A504	144	145	19	201	220
A505	145	144	19	284	303
A506	145	164	21	250	271
A507	146	130	22	71	93
A508	146	145	20	258	278
A509	147	182	40	329	369
A510	148	131	17	259	276
A511	148	149	15	297	312
A512	149	132	20	181	201
A513	149	148	15	151	166
A514	149	150	24	75	99
A515	150	133	20	35	55
A516	150	149	24	175	199
A517	150	151	20	248	268
A518	150	167	18	89	107
A519	150	168	25	91	116
A520	151	134	16	114	130
A521	151	150	20	42	62
A522	151	168	18	264	282
A523	152	153	17	238	255
A524	152	168	24	55	79
A525	152	169	24	360	384
A526	153	152	17	330	347
A527	154	155	16	331	347
A528	155	154	16	88	104
A529	155	156	23	366	389
A530	155	172	15	338	353
A531	156	139	30	378	408
A532	156	155	23	42	65
A533	156	157	20	395	415
A534	156	172	25	284	309
A535	157	174	25	216	241
A536	158	141	24	304	328
A537	158	157	20	141	161
A538	158	159	18	196	214
A539	158	175	22	344	366
A540	159	141	15	117	132
A541	159	158	18	104	122
A542	160	142	22	169	191
A543	160	159	17	370	387
A544	160	161	16	152	168
A545	161	160	16	83	99
A546	161	177	17	134	151
A547	162	143	19	146	165
A548	162	178	18	53	71
A549	163	144	19	145	164
A550	163	164	24	328	352
A551	164	163	24	55	79
A552	164	180	22	355	377
A553	165	181	19	275	294
A554	166	167	45	351	396
A555	166	183	19	344	363
A556	167	150	18	310	328
A557	167	166	45	380	425
A558	167	184	14	202	216
A559	168	150	25	114	139
A560	168	151	18	16	34
A561	168	184	27	285	312
A562	168	185	21	186	207
A563	169	170	17	135	152
A564	170	153	21	65	86
A565	170	169	17	370	387
A566	170	171	14	273	287
A567	170	187	16	266	282
A568	171	188	14	243	257
A569	172	188	26	76	102
A570	172	189	19	376	395
A571	173	156	20	338	358
A572	173	172	21	137	158
A573	173	174	18	256	274
A574	173	190	17	243	260
A575	174	157	25	25	50
A576	174	173	18	143	161
A577	174	191	16	274	290
A578	175	192	14	322	336
A579	176	177	22	310	332
A580	177	161	17	364	381
A581	177	176	22	320	342
A582	177	178	20	148	168
A583	177	194	18	259	277
A584	178	162	18	278	296
A585	179	163	15	265	280
A586	180	164	22	199	221
A587	180	181	17	39	56
A588	181	180	17	215	232
A589	181	182	21	82	103
A590	182	181	21	326	347
A591	182	183	14	256	270
A592	183	166	19	172	191
A593	183	182	14	123	137
A594	183	184	40	199	239
A595	184	168	27	352	379
A596	184	183	40	370	410
A597	184	185	19	320	339
A598	185	168	21	368	389
A599	185	186	25	398	423
A600	186	185	25	323	348
A601	187	170	16	332	348
A602	187	188	16	100	116
A603	188	171	14	62	76
A604	188	172	26	280	306
A605	189	172	19	73	92
A606	190	173	17	384	401
A607	190	189	18	210	228
A608	191	174	16	364	380
A609	191	192	18	353	371
A610	192	191	18	212	230
A611	192	193	41	168	209
A612	193	176	22	139	161
A613	193	192	41	137	178
A614	193	194	17	353	370
A615	194	177	18	20	38
A616	194	193	17	216	233
A617	195	178	19	29	48

ARC	FROM N.	TO N.	T. COST
NrA1	1	2	39
NrA2	4	19	21
NrA3	8	23	19
NrA4	9	10	39
NrA5	12	27	25
NrA6	18	17	33
NrA7	19	35	20
NrA8	20	5	14
NrA9	23	9	31
NrA10	23	24	23
NrA11	24	23	23
NrA12	25	24	13
NrA13	25	26	23
NrA14	27	26	21
NrA15	27	41	28
NrA16	29	30	25
NrA17	29	45	32
NrA18	32	33	22
NrA19	33	50	20
NrA20	34	3	42
NrA21	34	35	20
NrA22	36	20	22
NrA23	37	38	38
NrA24	37	61	39
NrA25	39	40	22
NrA26	40	39	22
NrA27	40	41	41
NrA28	41	26	24
NrA29	42	43	18
NrA30	42	65	34
NrA31	43	28	20
NrA32	43	52	24
NrA33	44	29	19
NrA34	45	54	21
NrA35	47	16	43
NrA36	47	46	18
NrA37	51	59	21
NrA38	54	45	21
NrA39	56	49	22
NrA40	56	57	18
NrA41	56	72	19
NrA42	59	58	16
NrA43	59	75	23
NrA44	60	76	18
NrA45	63	40	33
NrA46	66	52	22
NrA47	67	53	15
NrA48	67	68	17
NrA49	68	80	14
NrA50	69	46	40
NrA51	71	83	22
NrA52	73	57	21
NrA53	73	85	18
NrA54	74	75	19
NrA55	75	59	23
NrA56	77	76	14
NrA57	77	89	15
NrA58	78	79	20
NrA59	78	94	13
NrA60	80	79	20
NrA61	80	81	17
NrA62	81	97	23
NrA63	82	70	19
NrA64	83	71	22
NrA65	86	74	19
NrA66	86	85	17
NrA67	89	90	36
NrA68	92	104	21
NrA69	92	105	27
NrA70	94	78	13
NrA71	96	95	17
NrA72	96	107	15
NrA73	99	83	20
NrA74	99	100	42
NrA75	99	110	16
NrA76	100	101	35
NrA77	104	105	22
NrA78	105	92	27
NrA79	106	94	21
NrA80	107	125	20
NrA81	110	111	13
NrA82	112	130	17
NrA83	118	117	23
NrA84	118	119	14
NrA85	121	120	39
NrA86	121	122	21
NrA87	122	121	21
NrA88	123	105	28
NrA89	125	141	30
NrA90	126	108	15
NrA91	127	109	21
NrA92	129	111	26
NrA93	130	146	22
NrA94	133	116	15
NrA95	133	132	17
NrA96	134	133	17
NrA97	134	151	16
NrA98	136	119	19
NrA99	136	135	22
NrA100	138	156	26
NrA101	139	123	27
NrA102	139	156	30
NrA103	144	128	24
NrA104	144	163	19
NrA105	145	146	20
NrA106	146	147	24
NrA107	147	113	42
NrA108	147	146	24
NrA109	152	135	15
NrA110	153	154	22
NrA111	154	137	19
NrA112	154	153	22
NrA113	156	138	26
NrA114	157	158	20
NrA115	158	140	24
NrA116	159	160	17
NrA117	160	176	14
NrA118	163	179	15
NrA119	164	145	21
NrA120	171	170	14
NrA121	171	172	21
NrA122	172	155	15
NrA123	172	156	25
NrA124	172	171	21
NrA125	172	173	21
NrA126	174	175	20
NrA127	175	158	22
NrA128	175	174	20
NrA129	175	176	35
NrA130	176	160	14
NrA131	176	175	35
NrA132	176	193	22
NrA133	178	177	20
NrA134	178	195	19
NrA135	179	180	25
NrA136	180	179	25
NrA137	182	147	40
NrA138	184	167	14
NrA139	185	184	19
NrA140	188	187	16
NrA141	188	189	20
NrA142	189	188	20
NrA143	189	190	18
NrA144	190	191	19
NrA145	191	190	19
NrA146	192	175	14
NrA147	194	195	18
NrA148	195	194	18
