Name:		Lpr-b-03.txt
Optimal value:	-1
#Vehicles:	7
Capacity:	10000
Depot Node:	1
#Nodes:		163
#Edges:		26
#Arcs:		335
#Required N:	0
#Required E:	26
#Required A:	279

ReN.	DEMAND	S. COST

ReE.	From N.	To N.	T. COST	DEMAND	S. COST
E1	3	4	19	307	326
E2	6	7	40	158	198
E3	6	18	18	145	163
E4	21	35	18	326	344
E5	44	45	18	373	391
E6	65	66	21	62	83
E7	70	1	15	238	253
E8	73	85	22	205	227
E9	79	80	39	204	243
E10	79	92	22	593	615
E11	82	83	15	69	84
E12	82	96	21	293	314
E13	108	109	14	64	78
E14	112	113	22	412	434
E15	114	130	18	153	171
E16	116	132	18	434	452
E17	117	134	21	271	292
E18	135	148	16	91	107
E19	139	155	21	51	72
E20	145	146	20	425	445
E21	148	149	15	350	365
E22	151	152	35	476	511
E23	154	155	17	15	32
E24	158	159	17	342	359
E25	159	160	17	377	394
E26	161	162	22	554	576

EDGE	FROM N.	TO N.	T. COST

ReA.	FROM N.	TO N.	T. COST	DEMAND	S. COST
A57	71	14	14	182	196
A58	2	3	22	154	176
A59	3	2	22	109	131
A60	3	24	36	314	350
A61	4	5	17	13	30
A62	5	4	17	93	110
A63	5	6	20	123	143
A64	5	17	15	242	257
A65	6	5	20	97	117
A66	7	8	33	363	396
A67	8	7	33	53	86
A68	8	9	42	103	145
A69	9	8	42	181	223
A70	9	10	39	333	372
A71	9	29	57	349	406
A72	9	30	37	194	231
A73	10	9	39	380	419
A74	10	11	33	53	86
A75	10	31	34	77	111
A76	10	32	52	374	426
A77	11	10	33	288	321
A78	11	12	19	27	46
A79	12	11	19	66	85
A80	12	13	21	271	292
A81	12	33	39	164	203
A82	13	12	21	260	281
A83	13	34	40	48	88
A84	14	71	14	106	120
A85	14	15	36	195	231
A86	14	21	26	272	298
A87	15	2	25	286	311
A88	15	23	16	100	116
A89	16	25	17	267	284
A90	17	16	21	216	237
A91	17	26	18	337	355
A92	18	17	14	71	85
A93	18	27	22	119	141
A94	19	18	42	181	223
A95	20	8	17	101	118
A96	20	29	18	147	165
A97	21	14	26	226	252
A98	21	22	17	282	299
A99	22	23	18	126	144
A100	23	24	23	123	146
A101	23	37	17	164	181
A102	24	23	23	94	117
A103	24	25	12	19	31
A104	26	25	22	130	152
A105	27	26	22	184	206
A106	27	28	38	86	124
A107	27	39	18	43	61
A108	28	19	15	101	116
A109	28	29	34	337	371
A110	29	9	57	93	150
A111	29	48	46	250	296
A112	30	9	37	279	316
A113	30	29	41	373	414
A114	30	49	44	371	415
A115	31	30	34	101	135
A116	32	31	38	322	360
A117	32	51	36	304	340
A118	33	32	22	262	284
A119	33	34	17	33	50
A120	34	13	40	213	253
A121	34	53	40	118	158
A122	35	40	20	287	307
A123	36	35	16	120	136
A124	37	36	21	68	89
A125	38	37	37	336	373
A126	38	39	35	257	292
A127	39	27	18	286	304
A128	40	35	20	22	42
A129	40	41	21	304	325
A130	40	54	17	380	397
A131	41	36	22	344	366
A132	41	40	21	150	171
A133	41	42	17	261	278
A134	42	37	22	346	368
A135	42	43	18	387	405
A136	43	44	21	283	304
A137	43	57	20	399	419
A138	44	38	13	64	77
A139	44	58	20	179	199
A140	46	39	21	389	410
A141	46	59	30	159	189
A142	46	60	21	195	216
A143	47	28	42	329	371
A144	47	46	36	116	152
A145	48	47	35	381	416
A146	49	48	36	167	203
A147	49	50	38	99	137
A148	50	31	37	282	319
A149	50	51	38	191	229
A150	50	61	23	197	220
A151	51	32	36	146	182
A152	51	52	22	391	413
A153	51	62	20	201	221
A154	52	33	43	232	275
A155	52	51	22	27	49
A156	53	34	40	384	424
A157	53	52	18	101	119
A158	53	78	38	230	268
A159	54	63	16	384	400
A160	55	41	20	17	37
A161	55	54	13	23	36
A162	56	42	19	118	137
A163	56	57	17	101	118
A164	56	65	13	351	364
A165	58	57	17	161	178
A166	59	45	16	77	93
A167	59	60	24	201	225
A168	59	67	24	398	422
A169	60	46	21	259	280
A170	60	69	21	96	117
A171	62	76	22	123	145
A172	63	54	16	141	157
A173	63	64	21	215	236
A174	64	55	20	233	253
A175	64	63	21	342	363
A176	64	65	20	325	345
A177	65	64	20	157	177
A178	67	59	24	397	421
A179	67	68	17	198	215
A180	67	79	20	108	128
A181	68	59	23	300	323
A182	70	47	36	82	118
A183	70	48	51	34	85
A184	1	72	18	344	362
A185	72	73	43	363	406
A186	73	49	40	74	114
A187	73	74	15	212	227
A188	74	75	20	219	239
A189	75	76	42	139	181
A190	75	86	16	203	219
A191	76	75	42	328	370
A192	76	77	15	198	213
A193	77	76	15	358	373
A194	77	78	17	275	292
A195	78	53	38	124	162
A196	80	93	17	233	250
A197	81	70	19	135	154
A198	82	1	23	123	146
A199	82	81	25	322	347
A200	83	72	17	45	62
A201	83	97	21	296	317
A202	84	83	44	40	84
A203	84	85	14	396	410
A204	85	74	21	368	389
A205	85	84	14	214	228
A206	85	100	28	285	313
A207	86	85	18	127	145
A208	86	100	18	28	46
A209	87	76	16	340	356
A210	87	102	20	54	74
A211	88	87	21	99	120
A212	89	78	14	323	337
A213	89	88	15	221	236
A214	90	105	18	323	341
A215	91	90	41	137	178
A216	92	91	36	89	125
A217	93	92	37	353	390
A218	93	94	18	145	163
A219	93	107	20	64	84
A220	94	95	22	90	112
A221	94	108	25	262	287
A222	95	81	20	396	416
A223	95	96	16	374	390
A224	95	109	18	247	265
A225	96	97	19	353	372
A226	96	110	15	314	329
A227	97	83	21	375	396
A228	97	111	15	48	63
A229	98	84	19	273	292
A230	99	100	22	335	357
A231	100	101	17	40	57
A232	100	114	24	108	132
A233	101	102	21	254	275
A234	101	115	21	399	420
A235	102	103	17	103	120
A236	102	115	30	131	161
A237	103	88	20	202	222
A238	104	89	24	66	90
A239	104	103	18	256	274
A240	104	117	16	364	380
A241	105	90	18	226	244
A242	105	118	18	184	202
A243	106	105	36	240	276
A244	106	120	18	236	254
A245	107	93	20	350	370
A246	109	95	18	180	198
A247	109	124	24	304	328
A248	110	109	25	171	196
A249	110	125	21	253	274
A250	111	110	12	94	106
A251	111	112	40	277	317
A252	112	111	40	376	416
A253	112	128	13	157	170
A254	113	114	17	264	281
A255	114	113	17	341	358
A256	115	130	23	302	325
A257	115	131	18	248	266
A258	116	102	22	57	79
A259	117	104	16	400	416
A260	117	116	37	129	166
A261	118	105	18	268	286
A262	118	119	13	154	167
A263	118	135	24	69	93
A264	119	120	19	122	141
A265	119	136	20	238	258
A266	120	119	19	354	373
A267	120	121	40	64	104
A268	121	151	39	290	329
A269	122	123	20	94	114
A270	123	108	16	62	78
A271	123	124	17	250	267
A272	124	125	22	53	75
A273	125	124	22	148	170
A274	125	126	19	29	48
A275	125	139	19	44	63
A276	126	127	17	342	359
A277	126	140	16	196	212
A278	127	128	14	229	243
A279	128	113	31	142	173
A280	128	129	25	88	113
A281	128	141	29	149	178
A282	128	142	21	129	150
A283	130	131	14	203	217
A284	131	130	14	343	357
A285	131	132	25	336	361
A286	132	131	25	361	386
A287	132	133	17	313	330
A288	133	134	17	320	337
A289	134	147	19	72	91
A290	135	118	24	302	326
A291	135	136	23	29	52
A292	136	137	16	289	305
A293	137	120	20	58	78
A294	138	139	17	361	378
A295	138	154	21	24	45
A296	140	139	18	38	56
A297	140	156	26	295	321
A298	141	127	23	336	359
A299	142	128	21	325	346
A300	142	158	22	124	146
A301	143	129	18	230	248
A302	143	142	18	100	118
A303	144	143	16	293	309
A304	145	144	37	341	378
A305	146	147	22	29	51
A306	147	134	19	56	75
A307	147	163	21	236	257
A308	149	136	22	230	252
A309	149	150	23	66	89
A310	150	137	20	47	67
A311	150	149	23	399	422
A312	150	151	39	317	356
A313	151	150	39	334	373
A314	152	122	35	142	177
A315	152	153	18	111	129
A316	153	152	18	92	110
A317	153	154	21	149	170
A318	154	153	21	201	222
A319	155	156	24	245	269
A320	156	141	26	140	166
A321	156	155	24	306	330
A322	156	157	22	248	270
A323	157	141	13	151	164
A324	157	156	22	89	111
A325	157	158	20	318	338
A326	158	157	20	55	75
A327	159	143	15	27	42
A328	160	144	20	200	220
A329	160	161	35	14	49
A330	161	145	24	173	197
A331	161	160	35	48	83
A332	162	146	19	323	342
A333	162	163	19	26	45
A334	163	147	21	109	130
A335	163	162	19	298	317

ARC	FROM N.	TO N.	T. COST
NrA1	71	2	37
NrA2	2	71	37
NrA3	2	15	25
NrA4	7	19	19
NrA5	16	4	18
NrA6	19	20	35
NrA7	22	36	21
NrA8	25	16	17
NrA9	25	24	12
NrA10	32	11	35
NrA11	38	25	27
NrA12	39	38	35
NrA13	42	56	19
NrA14	45	46	18
NrA15	54	40	17
NrA16	56	55	26
NrA17	57	56	17
NrA18	57	66	24
NrA19	58	67	20
NrA20	59	58	17
NrA21	61	62	38
NrA22	61	75	21
NrA23	62	61	38
NrA24	63	90	39
NrA25	65	56	13
NrA26	65	91	43
NrA27	66	67	18
NrA28	69	68	22
NrA29	69	80	16
NrA30	70	69	39
NrA31	72	48	37
NrA32	78	89	14
NrA33	84	73	17
NrA34	88	77	14
NrA35	89	104	24
NrA36	90	63	39
NrA37	91	106	15
NrA38	92	121	35
NrA39	97	98	39
NrA40	98	99	19
NrA41	99	85	21
NrA42	100	113	27
NrA43	107	122	23
NrA44	108	107	20
NrA45	112	98	24
NrA46	121	122	38
NrA47	123	153	38
NrA48	124	138	14
NrA49	126	111	20
NrA50	129	130	18
NrA51	130	144	19
NrA52	133	146	22
NrA53	139	138	17
NrA54	141	140	22
NrA55	142	141	21
NrA56	145	132	15
